c 00000
y 00001
d 00010
l 00011
v 001000
w 001001
m 00101
a 0011
e 010
o 0110
s 0111
h 10000
T 10001000
j 10001001
k 10001010
G 10001011
E 10001100
U 10001101
f 1000111
p 10010
K 10011000
, 10011001
. 1001101
W 10011100
- 10011101
R 1001111
i 1010
g 1011000
' 10110010
C 10110011
u 101101
r 10111
  110
t 1110
n 1111
----------------------------------------
10011100 1010 1110 10000 110 1110 10000 010 110 10000 010 00011 10010 110 0110 1000111 110 1001111 0110 00011 00011 0111 10011101 1001111 0110 00001 00000 010 10011001 110 10001101 1111 1010 001000 010 10111 0111 1010 1110 00001 110 10001100 1111 1011000 1010 1111 010 010 10111 1010 1111 1011000 110 0011 1111 00010 110 10110011 0110 00101 00101 010 10111 00000 010 110 0111 1110 101101 00010 010 1111 1110 0111 110 001001 1010 00011 00011 110 010 1111 10001001 0110 00001 110 1111 010 001001 110 0110 10010 10010 0110 10111 1110 101101 1111 1010 1110 1010 010 0111 110 1000111 10111 0110 00101 110 0011 110 10010 0011 10111 1110 1111 010 10111 0111 10000 1010 10010 110 1110 10000 0011 1110 110 1010 0111 110 10010 0011 10111 1110 110 0110 1000111 110 1110 10000 010 110 00000 0110 00101 10010 0011 1111 00001 10110010 0111 110 0111 1110 0011 1110 010 001001 1010 00010 010 110 1010 1111 001000 010 0111 1110 00101 010 1111 1110 110 1010 1111 110 1110 10000 010 110 0011 010 10111 0110 0111 10010 0011 00000 010 110 1010 1111 00010 101101 0111 1110 10111 00001 10011001 110 10001011 0110 001000 1001101 110 10001000 1010 00101 110 10011000 0011 1010 1111 010 110 0011 1111 1111 0110 101101 1111 00000 010 00010 110 00011 0011 0111 1110 110 001001 010 010 10001010 1001101 
----------------------------------------
There are a total of 236 symbols that are encoded.
There are 35 distinct symbols used.
There were 1888 bits in the original file.
There were 1038 bits in the compressed file.
This gives a compression ratio of 1.81888
The cost of the Huffman tree is 4.3983
