  00
t 010
s 0110
r 01110
f 011110
p 011111
i 1000
; 1001000
" 10010010
A 100100110
v 100100111
, 100101
l 10011
u 10100
d 10101
c 10110
G 101110000
I 101110001
. 10111001
b 1011101
y 101111
n 1100
a 1101
o 1110
h 11110
k 11111000
' 11111001
w 1111101
m 1111110
g 1111111
----------------------------------------
101110001 011110 00 101111 1110 10100 010 11110 100101 00 010 11110 01110 1110 10100 1111111 11110 1110 10100 010 00 1101 10011 10011 00 11110 1000 0110 010 1110 01110 101111 100101 00 11110 1101 10101 00 11110 1101 10101 00 1101 00 10110 11110 1101 1111110 011111 1000 1110 1100 00 010 1110 00 0110 010 1101 1100 10101 00 10100 011111 00 011110 1110 01110 00 1000 010 1001000 00 010 1110 00 0110 11110 1110 1111101 00 1101 00 10101 1110 10100 1011101 010 1000 1100 1111111 00 1111101 1110 01110 10011 10101 00 010 11110 1101 010 00 1101 00 10110 11110 1000 10011 10101 00 10110 1101 1100 00 010 11110 1000 1100 11111000 1001000 00 1101 1100 10101 100101 00 011111 1110 0110 0110 1000 1011101 10011 101111 100101 00 10101 1110 00 1000 010 00 011111 01110 1101 10110 010 1000 10110 1101 10011 10011 101111 1001000 00 101111 1110 10100 00 1111101 1110 10100 10011 10101 1100 11111001 010 00 10110 1110 1100 0110 010 1101 1100 010 10011 101111 00 01110 10100 1100 00 1101 10110 01110 1110 0110 0110 00 011110 1110 10011 11111000 0110 00 010 1110 10101 1101 101111 00 1111101 11110 1110 00 10110 10011 1101 1000 1111110 00 010 11110 1101 010 00 10010010 1101 00 10110 11110 1000 10011 10101 00 10101 1110 1100 11111001 010 00 11111000 1100 1110 1111101 00 1101 1100 101111 010 11110 1000 1100 1111111 10111001 10010010 00 00 100100110 00 10110 11110 1000 10011 10101 11111001 0110 00 1011101 01110 1101 1000 1100 00 0110 010 1101 01110 010 0110 00 011110 10100 1100 10110 010 1000 1110 1100 1000 1100 1111111 00 1101 010 00 1011101 1000 01110 010 11110 1001000 00 1101 1100 10101 00 11110 1101 0110 100101 00 1101 1111110 1110 1100 1111111 0110 010 00 1000 010 0110 00 1111110 1101 1100 101111 00 1000 1100 011110 1101 1100 010 00 10110 1110 1100 100100111 1110 10011 10100 010 1000 1110 1100 0110 100101 00 010 11110 1110 10100 0110 1101 1100 10101 0110 00 1110 011110 00 10101 1110 01110 1111110 1101 1100 010 00 1101 010 1110 1111110 0110 100101 00 1000 1100 010 1110 00 1111101 11110 1000 10110 11110 00 101110000 1110 10101 00 11110 1101 0110 00 011111 10100 010 00 1101 00 1111110 101111 0110 010 1000 10110 00 011111 1110 0110 0110 1000 1011101 1000 10011 1000 010 101111 00 011110 1110 01110 00 1100 1110 010 1000 10110 1000 1100 1111111 00 1101 1100 00 1101 10101 10100 10011 010 11111001 0110 00 1101 10110 010 100101 00 1101 1100 10101 00 011110 1000 1111111 10100 01110 1000 1100 1111111 00 1110 10100 010 00 1000 010 0110 00 011111 10100 01110 011111 1110 01110 010 10111001 

----------------------------------------
There are a total of 472 symbols that are encoded.
There are 30 distinct symbols used.
There were 3776 bits in the original file.
There were 2012 bits in the compressed file.
This gives a compression ratio of 1.87674
The cost of the Huffman tree is 4.26271
